FID,STATEFP10,COUNTYFP10,TRACTCE10,GEOID10,NAME10,NAMELSAD10,MTFCC10,FUNCSTAT10,ALAND10,AWATER10,INTPTLAT10,INTPTLON10,STCTFIPS,STFIPS,CNTY,CNTYFIPS,TRACT,6digTRACT,Master_GEO,Combined_F,2013_year,CNTY_name,Sq_MI,STFIPS_1,CNTYFIPS_1,6digTRAC_1,Master_G_1,CNTY_nam_1,totpop_11_,Pct_In_Pov,Median_HH,PCT_Associ,PCT_HS_GED,PCT_Some_C,PCT_BA_or,PCT_unempl,Area_MI_sq,pop_per_MI
0,18,175,967300,18175967300,9673,Census Tract 9673,G5020,S,330636745.000000000000000,2932269.000000000000000,+38.7021453,-086.1788695,18175.0000000,18,175.000000000000000,175,967300.000000000000000,967300,18175967300,18175,2013,Washington,0.000000000000000,18,175,967300,18175967300,Washington,4804.000000000000000,0.189148936170000,36833.000000000000000,0.060643564356400,0.495049504950000,0.229888613861000,0.087871287128700,0.091044037605100,128.789498675999990,37
1,18,175,967400,18175967400,9674,Census Tract 9674,G5020,S,342099133.000000000000000,1459585.000000000000000,+38.5385598,-086.2258824,18175.0000000,18,175.000000000000000,175,967400.000000000000000,967400,18175967400,18175,2013,Washington,0.000000000000000,18,175,967400,18175967400,Washington,4594.000000000000000,0.154104979812000,40417.000000000000000,0.084186939820700,0.448783610755000,0.274647887324000,0.081626120358500,0.042897998093400,132.647510192000000,35
2,18,175,967200,18175967200,9672,Census Tract 9672,G5020,S,335886142.000000000000000,1231746.000000000000000,+38.6378371,-085.9532607,18175.0000000,18,175.000000000000000,175,967200.000000000000000,967200,18175967200,18175,2013,Washington,0.000000000000000,18,175,967200,18175967200,Washington,4459.000000000000000,0.111908499664000,53604.000000000000000,0.090067639729400,0.497330010680000,0.297970808117000,0.092915628337500,0.085337105139100,130.155349379000000,34
3,18,175,967600,18175967600,9676,Census Tract 9676,G5020,S,81736789.000000000000000,429212.000000000000000,+38.6036558,-086.0627512,18175.0000000,18,175.000000000000000,175,967600.000000000000000,967600,18175967600,18175,2013,Washington,0.000000000000000,18,175,967600,18175967600,Washington,4442.000000000000000,0.151522140221000,43315.000000000000000,0.101881894873000,0.381570408825000,0.319922128488000,0.129785853342000,0.092978208232400,31.723285261699999,140
4,18,175,967700,18175967700,9677,Census Tract 9677,G5020,S,236323908.000000000000000,1391401.000000000000000,+38.4897435,-086.0667290,18175.0000000,18,175.000000000000000,175,967700.000000000000000,967700,18175967700,18175,2013,Washington,0.000000000000000,18,175,967700,18175967700,Washington,6584.000000000000000,0.122417982989000,44250.000000000000000,0.074794638997000,0.462170341548000,0.212710765240000,0.177691309987000,0.139390352175000,91.779178270700001,72
5,18,175,967500,18175967500,9675,Census Tract 9675,G5020,S,3859614.000000000000000,0.000000000000000,+38.6060960,-086.1060656,18175.0000000,18,175.000000000000000,175,967500.000000000000000,967500,18175967500,18175,2013,Washington,0.000000000000000,18,175,967500,18175967500,Washington,3047.000000000000000,0.220642978003000,33991.000000000000000,0.076167076167100,0.474201474201000,0.230466830467000,0.155773955774000,0.147759103641000,1.490157579410000,2045
6,18,019,051000,18019051000,510,Census Tract 510,G5020,S,263182643.000000000000000,2279044.000000000000000,+38.5461726,-085.5546081,18019.0000000,18,19.000000000000000,019,51000.000000000000000,051000,18019051000,18019,2013,Clark,0.000000000000000,18,019,051000,18019051000,Clark,4956.000000000000000,0.110573042776000,52154.000000000000000,0.085858585858600,0.410279263220000,0.307783719548000,0.143790849673000,0.094211576846300,102.488838267999990,48
7,18,019,050801,18019050801,508.01,Census Tract 508.01,G5020,S,168852916.000000000000000,1711901.000000000000000,+38.4482193,-085.9012008,18019.0000000,18,19.000000000000000,019,50801.000000000000000,050801,18019050801,18019,2013,Clark,0.000000000000000,18,019,050801,18019050801,Clark,6516.000000000000000,0.063535911602200,70035.000000000000000,0.067307692307700,0.253553511706000,0.343436454849000,0.298494983278000,0.049568965517200,65.851739469300000,99
8,18,019,050902,18019050902,509.02,Census Tract 509.02,G5020,S,89297663.000000000000000,852237.000000000000000,+38.4661973,-085.6325794,18019.0000000,18,19.000000000000000,019,50902.000000000000000,050902,18019050902,18019,2013,Clark,0.000000000000000,18,019,050902,18019050902,Clark,4763.000000000000000,0.144236825530000,50771.000000000000000,0.111404087014000,0.374423203691000,0.389255108767000,0.072181938035600,0.050068274920300,34.804770775100003,137
9,18,019,050200,18019050200,502,Census Tract 502,G5020,S,3084972.000000000000000,1983.000000000000000,+38.2850285,-085.7456548,18019.0000000,18,19.000000000000000,019,50200.000000000000000,050200,18019050200,18019,2013,Clark,0.000000000000000,18,019,050200,18019050200,Clark,3712.000000000000000,0.293752044488000,25547.000000000000000,0.050748448338800,0.445418035779000,0.227090178897000,0.089083607155900,0.152387640449000,1.191801873230000,3115
10,18,019,050401,18019050401,504.01,Census Tract 504.01,G5020,S,5450718.000000000000000,199299.000000000000000,+38.2848041,-085.7689892,18019.0000000,18,19.000000000000000,019,50401.000000000000000,050401,18019050401,18019,2013,Clark,0.000000000000000,18,019,050401,18019050401,Clark,3087.000000000000000,0.130691123485000,41206.000000000000000,0.069821930646700,0.435332708529000,0.253514526710000,0.138238050609000,0.107493857494000,2.181342931390000,1415
11,18,019,050501,18019050501,505.01,Census Tract 505.01,G5020,S,2839531.000000000000000,99446.000000000000000,+38.3157385,-085.7876761,18019.0000000,18,19.000000000000000,019,50501.000000000000000,050501,18019050501,18019,2013,Clark,0.000000000000000,18,019,050501,18019050501,Clark,1700.000000000000000,0.113529411765000,53580.000000000000000,0.097580645161300,0.329032258065000,0.304838709677000,0.236290322581000,0.024479804161600,1.134672742230000,1498
12,18,019,050503,18019050503,505.03,Census Tract 505.03,G5020,S,2864630.000000000000000,6528.000000000000000,+38.3245462,-085.7727249,18019.0000000,18,19.000000000000000,019,50503.000000000000000,050503,18019050503,18019,2013,Clark,0.000000000000000,18,019,050503,18019050503,Clark,5184.000000000000000,0.095871913580200,39792.000000000000000,0.136613603473000,0.325904486252000,0.333719247467000,0.182633863965000,0.048790487904900,1.108486068340000,4677
13,18,019,050504,18019050504,505.04,Census Tract 505.04,G5020,S,11400162.000000000000000,245864.000000000000000,+38.3319796,-085.7576222,18019.0000000,18,19.000000000000000,019,50504.000000000000000,050504,18019050504,18019,2013,Clark,0.000000000000000,18,019,050504,18019050504,Clark,3271.000000000000000,0.229840026118000,24076.000000000000000,0.026246719160100,0.445319335083000,0.169728783902000,0.121609798775000,0.066558441558400,4.496263501050000,727
14,18,019,050603,18019050603,506.03,Census Tract 506.03,G5020,S,5934114.000000000000000,6694.000000000000000,+38.3232031,-085.7089103,18019.0000000,18,19.000000000000000,019,50603.000000000000000,050603,18019050603,18019,2013,Clark,0.000000000000000,18,019,050603,18019050603,Clark,7133.000000000000000,0.134693877551000,48393.000000000000000,0.107361963190000,0.372918492550000,0.312226117441000,0.184049079755000,0.080721985460000,2.293607073190000,3110
15,18,019,050100,18019050100,501,Census Tract 501,G5020,S,1639790.000000000000000,0.000000000000000,+38.2731048,-085.7434023,18019.0000000,18,19.000000000000000,019,50100.000000000000000,050100,18019050100,18019,2013,Clark,0.000000000000000,18,019,050100,18019050100,Clark,1360.000000000000000,0.210332103321000,31875.000000000000000,0.062937062937100,0.360639360639000,0.359640359640000,0.175824175824000,0.080722891566300,0.633083687825000,2148
16,18,019,050303,18019050303,503.03,Census Tract 503.03,G5020,S,2146846.000000000000000,1840.000000000000000,+38.2940164,-085.7285906,18019.0000000,18,19.000000000000000,019,50303.000000000000000,050303,18019050303,18019,2013,Clark,0.000000000000000,18,019,050303,18019050303,Clark,2612.000000000000000,0.135911179173000,43796.000000000000000,0.093261455525600,0.364959568733000,0.372506738544000,0.117520215633000,0.115523465704000,0.829558275059000,3149
17,18,019,050304,18019050304,503.04,Census Tract 503.04,G5020,S,3722205.000000000000000,8491.000000000000000,+38.3078204,-085.7223589,18019.0000000,18,19.000000000000000,019,50304.000000000000000,050304,18019050304,18019,2013,Clark,0.000000000000000,18,019,050304,18019050304,Clark,4794.000000000000000,0.141752038470000,42216.000000000000000,0.088476070529000,0.286523929471000,0.326511335013000,0.225125944584000,0.068417159763300,1.440333871270000,3328
18,18,019,050305,18019050305,503.05,Census Tract 503.05,G5020,S,1960188.000000000000000,603.000000000000000,+38.2900828,-085.7113403,18019.0000000,18,19.000000000000000,019,50305.000000000000000,050305,18019050305,18019,2013,Clark,0.000000000000000,18,019,050305,18019050305,Clark,2928.000000000000000,0.027720739219700,58692.000000000000000,0.117315814172000,0.255279211638000,0.411074612858000,0.241670577194000,0.088380716934500,0.757015237789000,3868
19,18,019,050306,18019050306,503.06,Census Tract 503.06,G5020,S,1732343.000000000000000,0.000000000000000,+38.2805240,-085.7258233,18019.0000000,18,19.000000000000000,019,50306.000000000000000,050306,18019050306,18019,2013,Clark,0.000000000000000,18,019,050306,18019050306,Clark,2598.000000000000000,0.291036088475000,37796.000000000000000,0.048505358150000,0.382966723068000,0.353637901861000,0.140439932318000,0.090643274853800,0.668817830643000,3884
20,18,019,050604,18019050604,506.04,Census Tract 506.04,G5020,S,6793266.000000000000000,148260.000000000000000,+38.3045387,-085.6909172,18019.0000000,18,19.000000000000000,019,50604.000000000000000,050604,18019050604,18019,2013,Clark,0.000000000000000,18,019,050604,18019050604,Clark,5789.000000000000000,0.103454261413000,55115.000000000000000,0.127531882971000,0.329332333083000,0.402850712678000,0.197549387347000,0.066109951287400,2.679958884510000,2160
21,18,019,050701,18019050701,507.01,Census Tract 507.01,G5020,S,55214759.000000000000000,846370.000000000000000,+38.3670512,-085.6756509,18019.0000000,18,19.000000000000000,019,50701.000000000000000,050701,18019050701,18019,2013,Clark,0.000000000000000,18,019,050701,18019050701,Clark,5423.000000000000000,0.036218424962900,71792.000000000000000,0.104161000816000,0.256187109056000,0.376937720968000,0.310579276584000,0.037769149311700,21.643885593699999,251
22,18,019,050404,18019050404,504.04,Census Tract 504.04,G5020,S,2785582.000000000000000,0.000000000000000,+38.3034033,-085.7709607,18019.0000000,18,19.000000000000000,019,50404.000000000000000,050404,18019050404,18019,2013,Clark,0.000000000000000,18,019,050404,18019050404,Clark,3787.000000000000000,0.105626326964000,43095.000000000000000,0.075232774674100,0.287150837989000,0.349348230912000,0.220484171322000,0.049500454132600,1.075448897560000,3521
23,18,019,050605,18019050605,506.05,Census Tract 506.05,G5020,S,10469670.000000000000000,203467.000000000000000,+38.3429665,-085.7268975,18019.0000000,18,19.000000000000000,019,50605.000000000000000,050605,18019050605,18019,2013,Clark,0.000000000000000,18,019,050605,18019050605,Clark,5713.000000000000000,0.043822597676900,59762.000000000000000,0.105449936629000,0.332572877060000,0.332572877060000,0.270468948035000,0.035957240038900,4.120648635680000,1386
24,18,019,050606,18019050606,506.06,Census Tract 506.06,G5020,S,4561342.000000000000000,6057.000000000000000,+38.3139796,-085.7315567,18019.0000000,18,19.000000000000000,019,50606.000000000000000,050606,18019050606,18019,2013,Clark,0.000000000000000,18,019,050606,18019050606,Clark,4294.000000000000000,0.020027945971100,59911.000000000000000,0.138888888889000,0.295019157088000,0.339719029374000,0.259578544061000,0.069033530572000,1.763365307660000,2435
25,18,019,050703,18019050703,507.03,Census Tract 507.03,G5020,S,20763010.000000000000000,366119.000000000000000,+38.3840572,-085.7441850,18019.0000000,18,19.000000000000000,019,50703.000000000000000,050703,18019050703,18019,2013,Clark,0.000000000000000,18,019,050703,18019050703,Clark,6155.000000000000000,0.058461025982700,57026.000000000000000,0.120778900666000,0.358392901158000,0.372442691644000,0.171555336456000,0.055505819158500,8.157466900750000,755
26,18,019,050904,18019050904,509.04,Census Tract 509.04,G5020,S,67181718.000000000000000,731035.000000000000000,+38.4684534,-085.7020156,18019.0000000,18,19.000000000000000,019,50904.000000000000000,050904,18019050904,18019,2013,Clark,0.000000000000000,18,019,050904,18019050904,Clark,5312.000000000000000,0.040474397590400,64963.000000000000000,0.135463800905000,0.305995475113000,0.372454751131000,0.263291855204000,0.041820006691200,26.219521270000001,203
27,18,019,050803,18019050803,508.03,Census Tract 508.03,G5020,S,118104180.000000000000000,899150.000000000000000,+38.5091640,-085.7985592,18019.0000000,18,19.000000000000000,019,50803.000000000000000,050803,18019050803,18019,2013,Clark,0.000000000000000,18,019,050803,18019050803,Clark,5333.000000000000000,0.080765357502500,70776.000000000000000,0.092126845270600,0.383816293056000,0.338436303991000,0.195188627665000,0.088191330343800,45.944542740300001,116
28,18,019,050804,18019050804,508.04,Census Tract 508.04,G5020,S,80359672.000000000000000,420720.000000000000000,+38.5632813,-085.7371920,18019.0000000,18,19.000000000000000,019,50804.000000000000000,050804,18019050804,18019,2013,Clark,0.000000000000000,18,019,050804,18019050804,Clark,3948.000000000000000,0.131538852209000,60538.000000000000000,0.087563884156700,0.355366269165000,0.308006814310000,0.122998296422000,0.055045871559600,31.187439972300002,127
29,18,019,050704,18019050704,507.04,Census Tract 507.04,G5020,S,18957848.000000000000000,208431.000000000000000,+38.3995046,-085.7742693,18019.0000000,18,19.000000000000000,019,50704.000000000000000,050704,18019050704,18019,2013,Clark,0.000000000000000,18,019,050704,18019050704,Clark,5916.000000000000000,0.070475538830000,71836.000000000000000,0.074103585657400,0.330411686587000,0.285790172643000,0.318990703851000,0.032781564427100,7.399668662160000,799
30,18,019,050903,18019050903,509.03,Census Tract 509.03,G5020,S,14127901.000000000000000,65958.000000000000000,+38.4266540,-085.6809048,18019.0000000,18,19.000000000000000,019,50903.000000000000000,050903,18019050903,18019,2013,Clark,0.000000000000000,18,019,050903,18019050903,Clark,4067.000000000000000,0.208281676172000,40061.000000000000000,0.085186581228800,0.340369393140000,0.261590652092000,0.189219751225000,0.162768031189000,5.479914997440000,742
31,18,019,050403,18019050403,504.03,Census Tract 504.03,G5020,S,2263471.000000000000000,3052.000000000000000,+38.3067317,-085.7577216,18019.0000000,18,19.000000000000000,019,50403.000000000000000,050403,18019050403,18019,2013,Clark,0.000000000000000,18,019,050403,18019050403,Clark,2830.000000000000000,0.109301483894000,41725.000000000000000,0.076618882847300,0.349975284231000,0.330202669303000,0.105783489867000,0.072544642857100,0.875053367876000,3234
32,18,043,070802,18043070802,708.02,Census Tract 708.02,G5020,S,4138277.000000000000000,58420.000000000000000,+38.3186054,-085.8286969,18043.0000000,18,43.000000000000000,043,70802.000000000000000,070802,18043070802,18043,2013,Floyd,0.000000000000000,18,043,070802,18043070802,Floyd,4273.000000000000000,0.192269817824000,43895.000000000000000,0.099146421536400,0.404793171372000,0.323374917925000,0.179251477347000,0.102040816327000,1.620254228960000,2637
33,18,043,070902,18043070902,709.02,Census Tract 709.02,G5020,S,1303655.000000000000000,1215.000000000000000,+38.3114457,-085.8146693,18043.0000000,18,43.000000000000000,043,70902.000000000000000,070902,18043070902,18043,2013,Floyd,0.000000000000000,18,043,070902,18043070902,Floyd,1584.000000000000000,0.285350318471000,30873.000000000000000,0.113656387665000,0.334801762115000,0.352422907489000,0.075770925110100,0.284974093264000,0.503782081964000,3144
34,18,043,071007,18043071007,710.07,Census Tract 710.07,G5020,S,18474183.000000000000000,143078.000000000000000,+38.3667678,-085.8190578,18043.0000000,18,43.000000000000000,043,71007.000000000000000,071007,18043071007,18043,2013,Floyd,0.000000000000000,18,043,071007,18043071007,Floyd,4607.000000000000000,0.058569807037500,58550.000000000000000,0.109238451935000,0.294631710362000,0.345817727840000,0.304307116105000,0.069362017804200,7.187719422330000,641
35,18,043,071104,18043071104,711.04,Census Tract 711.04,G5020,S,26348274.000000000000000,85513.000000000000000,+38.2813995,-085.9161660,18043.0000000,18,43.000000000000000,043,71104.000000000000000,071104,18043071104,18043,2013,Floyd,0.000000000000000,18,043,071104,18043071104,Floyd,4570.000000000000000,0.031728665207900,76234.000000000000000,0.100499168053000,0.317470881864000,0.281530782030000,0.345091514143000,0.044757563199300,10.205585112900000,448
36,18,043,071103,18043071103,711.03,Census Tract 711.03,G5020,S,29742604.000000000000000,233056.000000000000000,+38.3179365,-085.9114742,18043.0000000,18,43.000000000000000,043,71103.000000000000000,071103,18043071103,18043,2013,Floyd,0.000000000000000,18,043,071103,18043071103,Floyd,4114.000000000000000,0.015590742996300,90758.000000000000000,0.093794579172600,0.238231098431000,0.323466476462000,0.397289586305000,0.049955791335100,11.573027390000000,355
37,18,043,071006,18043071006,710.06,Census Tract 710.06,G5020,S,3562201.000000000000000,8464.000000000000000,+38.3498226,-085.8072264,18043.0000000,18,43.000000000000000,043,71006.000000000000000,071006,18043071006,18043,2013,Floyd,0.000000000000000,18,043,071006,18043071006,Floyd,4279.000000000000000,0.192695819318000,58796.000000000000000,0.089631598936600,0.268515001899000,0.308773262438000,0.301177364223000,0.080216313654800,1.378555314250000,3104
38,18,043,071005,18043071005,710.05,Census Tract 710.05,G5020,S,10756491.000000000000000,137680.000000000000000,+38.3573857,-085.7830292,18043.0000000,18,43.000000000000000,043,71005.000000000000000,071005,18043071005,18043,2013,Floyd,0.000000000000000,18,043,071005,18043071005,Floyd,5492.000000000000000,0.028533883987200,101364.000000000000000,0.085043196544300,0.250000000000000,0.296976241901000,0.403617710583000,0.039827414537000,4.205994452150000,1306
39,18,043,071200,18043071200,712,Census Tract 712,G5020,S,78117924.000000000000000,893844.000000000000000,+38.2364739,-085.9050763,18043.0000000,18,43.000000000000000,043,71200.000000000000000,071200,18043071200,18043,2013,Floyd,0.000000000000000,18,043,071200,18043071200,Floyd,2319.000000000000000,0.081069426476900,61094.000000000000000,0.079710144927500,0.344202898551000,0.301932367150000,0.221618357488000,0.066788655077800,30.504909624000000,76
40,18,043,071101,18043071101,711.01,Census Tract 711.01,G5020,S,52169545.000000000000000,243695.000000000000000,+38.3207077,-085.9855123,18043.0000000,18,43.000000000000000,043,71101.000000000000000,071101,18043071101,18043,2013,Floyd,0.000000000000000,18,043,071101,18043071101,Floyd,5690.000000000000000,0.023374340949000,69056.000000000000000,0.074033750680500,0.300762112139000,0.317093086554000,0.320903647251000,0.063752875451900,20.235891188200000,281
41,18,043,071004,18043071004,710.04,Census Tract 710.04,G5020,S,61887764.000000000000000,180153.000000000000000,+38.3798006,-085.9747785,18043.0000000,18,43.000000000000000,043,71004.000000000000000,071004,18043071004,18043,2013,Floyd,0.000000000000000,18,043,071004,18043071004,Floyd,4237.000000000000000,0.036110455511000,71346.000000000000000,0.081061692969900,0.332137733142000,0.371592539455000,0.234218077475000,0.046058458813100,23.963401666700001,177
42,18,043,071003,18043071003,710.03,Census Tract 710.03,G5020,S,63243276.000000000000000,400600.000000000000000,+38.3652909,-085.8691231,18043.0000000,18,43.000000000000000,043,71003.000000000000000,071003,18043071003,18043,2013,Floyd,0.000000000000000,18,043,071003,18043071003,Floyd,6587.000000000000000,0.018253726802600,89211.000000000000000,0.075794085432600,0.304709748083000,0.267907995619000,0.385761226725000,0.053493130663500,24.571600687000000,268
43,18,043,070301,18043070301,703.01,Census Tract 703.01,G5020,S,3242358.000000000000000,73388.000000000000000,+38.3146191,-085.7980637,18043.0000000,18,43.000000000000000,043,70301.000000000000000,070301,18043070301,18043,2013,Floyd,0.000000000000000,18,043,070301,18043070301,Floyd,3058.000000000000000,0.123765635286000,45010.000000000000000,0.123702422145000,0.332612456747000,0.303633217993000,0.253027681661000,0.075874333135700,1.280136192080000,2389
44,18,043,070600,18043070600,706,Census Tract 706,G5020,S,10411761.000000000000000,50076.000000000000000,+38.2868189,-085.8525584,18043.0000000,18,43.000000000000000,043,70600.000000000000000,070600,18043070600,18043,2013,Floyd,0.000000000000000,18,043,070600,18043070600,Floyd,2338.000000000000000,0.097079037800700,57583.000000000000000,0.104451038576000,0.287240356083000,0.310385756677000,0.293175074184000,0.073207547169800,4.039095969970000,579
45,18,043,070801,18043070801,708.01,Census Tract 708.01,G5020,S,5760396.000000000000000,23728.000000000000000,+38.3048885,-085.8448952,18043.0000000,18,43.000000000000000,043,70801.000000000000000,070801,18043070801,18043,2013,Floyd,0.000000000000000,18,043,070801,18043070801,Floyd,3360.000000000000000,0.448104412679000,16526.000000000000000,0.038896426956100,0.393034825871000,0.249660786974000,0.077792853912300,0.173708920188000,2.233127806720000,1505
46,18,043,070901,18043070901,709.01,Census Tract 709.01,G5020,S,4437776.000000000000000,1125.000000000000000,+38.3279649,-085.8092712,18043.0000000,18,43.000000000000000,043,70901.000000000000000,070901,18043070901,18043,2013,Floyd,0.000000000000000,18,043,070901,18043070901,Floyd,5729.000000000000000,0.117472508291000,51922.000000000000000,0.087559929346500,0.305071915216000,0.415846580873000,0.226343679031000,0.021162444113300,1.713761954740000,3343
47,18,043,070200,18043070200,702,Census Tract 702,G5020,S,1611546.000000000000000,106182.000000000000000,+38.2925305,-085.7996488,18043.0000000,18,43.000000000000000,043,70200.000000000000000,070200,18043070200,18043,2013,Floyd,0.000000000000000,18,043,070200,18043070200,Floyd,1719.000000000000000,0.403141361257000,30379.000000000000000,0.092896174863400,0.311475409836000,0.351548269581000,0.125683060109000,0.076923076923100,0.663176055313000,2592
48,18,043,070302,18043070302,703.02,Census Tract 703.02,G5020,S,1600053.000000000000000,0.000000000000000,+38.3018210,-085.8051651,18043.0000000,18,43.000000000000000,043,70302.000000000000000,070302,18043070302,18043,2013,Floyd,0.000000000000000,18,043,070302,18043070302,Floyd,3528.000000000000000,0.090986394557800,52964.000000000000000,0.060202020202000,0.378585858586000,0.323232323232000,0.168080808081000,0.054111405835500,0.617744020068000,5711
49,18,043,070400,18043070400,704,Census Tract 704,G5020,S,1505469.000000000000000,0.000000000000000,+38.2890715,-085.8115944,18043.0000000,18,43.000000000000000,043,70400.000000000000000,070400,18043070400,18043,2013,Floyd,0.000000000000000,18,043,070400,18043070400,Floyd,2455.000000000000000,0.293279022403000,27904.000000000000000,0.068864037669200,0.334902884049000,0.217775161860000,0.235432607416000,0.149264190610000,0.581228661397000,4224
50,18,043,070500,18043070500,705,Census Tract 705,G5020,S,3003286.000000000000000,9015.000000000000000,+38.2888875,-085.8250394,18043.0000000,18,43.000000000000000,043,70500.000000000000000,070500,18043070500,18043,2013,Floyd,0.000000000000000,18,043,070500,18043070500,Floyd,3449.000000000000000,0.336767546684000,22301.000000000000000,0.068739054290700,0.394045534151000,0.260945709282000,0.039404553415100,0.062210456651200,1.162986770720000,2966
51,18,043,070700,18043070700,707,Census Tract 707,G5020,S,1832402.000000000000000,0.000000000000000,+38.2961309,-085.8343702,18043.0000000,18,43.000000000000000,043,70700.000000000000000,070700,18043070700,18043,2013,Floyd,0.000000000000000,18,043,070700,18043070700,Floyd,2512.000000000000000,0.314844373504000,40099.000000000000000,0.100396301189000,0.431968295905000,0.273447820343000,0.062747688243100,0.167876588022000,0.707451097363000,3551
52,18,143,966700,18143966700,9667,Census Tract 9667,G5020,S,129291813.000000000000000,3003324.000000000000000,+38.7620451,-085.7304800,18143.0000000,18,143.000000000000000,143,966700.000000000000000,966700,18143966700,18143,2013,Scott,0.000000000000000,18,143,966700,18143966700,Scott,4417.000000000000000,0.133773928897000,53307.000000000000000,0.081800887761600,0.449270767280000,0.255548509829000,0.122384273938000,0.141721854305000,51.076094659100001,86
53,18,143,966800,18143966800,9668,Census Tract 9668,G5020,S,11102335.000000000000000,127280.000000000000000,+38.7494565,-085.8144282,18143.0000000,18,143.000000000000000,143,966800.000000000000000,966800,18143966800,18143,2013,Scott,0.000000000000000,18,143,966800,18143966800,Scott,3964.000000000000000,0.207870837538000,34832.000000000000000,0.067901234567900,0.406250000000000,0.230324074074000,0.070601851851900,0.116796440489000,4.335504956410000,914
54,18,143,967100,18143967100,9671,Census Tract 9671,G5020,S,180176826.000000000000000,1674619.000000000000000,+38.6587017,-085.6695432,18143.0000000,18,143.000000000000000,143,967100.000000000000000,967100,18143967100,18143,2013,Scott,0.000000000000000,18,143,967100,18143967100,Scott,5633.000000000000000,0.143275925247000,47288.000000000000000,0.064413095555000,0.466063348416000,0.282140005323000,0.077455416555800,0.122352941176000,70.208592302599996,80
55,18,143,967000,18143967000,9670,Census Tract 9670,G5020,S,12648938.000000000000000,77489.000000000000000,+38.6886965,-085.7862842,18143.0000000,18,143.000000000000000,143,967000.000000000000000,967000,18143967000,18143,2013,Scott,0.000000000000000,18,143,967000,18143967000,Scott,5380.000000000000000,0.236452241715000,40965.000000000000000,0.107476635514000,0.398753894081000,0.314901349948000,0.159138110073000,0.089129529362800,4.913387325250000,1095
56,18,061,060100,18061060100,601,Census Tract 601,G5020,S,192071970.000000000000000,724425.000000000000000,+38.3777580,-086.1466156,18061.0000000,18,61.000000000000000,061,60100.000000000000000,060100,18061060100,18061,2013,Harrison,0.000000000000000,18,061,060100,18061060100,Harrison,6333.000000000000000,0.148668049131000,50029.000000000000000,0.074854807485500,0.409550440955000,0.270380727038000,0.142396214240000,0.096165933375200,74.437428191699993,85
57,18,061,060600,18061060600,606,Census Tract 606,G5020,S,438872435.000000000000000,3756011.000000000000000,+38.0758007,-086.0668340,18061.0000000,18,61.000000000000000,061,60600.000000000000000,060600,18061060600,18061,2013,Harrison,0.000000000000000,18,061,060600,18061060600,Harrison,6778.000000000000000,0.097608662956800,50904.000000000000000,0.064996760958800,0.483912761823000,0.277693802634000,0.093500323904100,0.088809946714000,170.894064993000000,40
58,18,061,060200,18061060200,602,Census Tract 602,G5020,S,192928238.000000000000000,703.000000000000000,+38.2877450,-086.1545388,18061.0000000,18,61.000000000000000,061,60200.000000000000000,060200,18061060200,18061,2013,Harrison,0.000000000000000,18,061,060200,18061060200,Harrison,7867.000000000000000,0.142236976507000,54773.000000000000000,0.100577574188000,0.417845050787000,0.325234017128000,0.183827922725000,0.084233261339100,74.488813289000007,106
59,18,061,060500,18061060500,605,Census Tract 605,G5020,S,168585898.000000000000000,63997.000000000000000,+38.1915352,-086.0347322,18061.0000000,18,61.000000000000000,061,60500.000000000000000,060500,18061060500,18061,2013,Harrison,0.000000000000000,18,061,060500,18061060500,Harrison,5788.000000000000000,0.115351257589000,58642.000000000000000,0.076564417177900,0.413742331288000,0.332024539877000,0.183558282209000,0.047401111474300,65.113371842800007,89
60,18,061,060300,18061060300,603,Census Tract 603,G5020,S,168195265.000000000000000,547220.000000000000000,+38.1712947,-086.2368647,18061.0000000,18,61.000000000000000,061,60300.000000000000000,060300,18061060300,18061,2013,Harrison,0.000000000000000,18,061,060300,18061060300,Harrison,5180.000000000000000,0.136545381847000,51275.000000000000000,0.085352112676100,0.394929577465000,0.316056338028000,0.139436619718000,0.071455016660500,65.151156727399993,80
61,18,061,060400,18061060400,604,Census Tract 604,G5020,S,94235645.000000000000000,100832.000000000000000,+38.1864398,-086.1036808,18061.0000000,18,61.000000000000000,061,60400.000000000000000,060400,18061060400,18061,2013,Harrison,0.000000000000000,18,061,060400,18061060400,Harrison,7284.000000000000000,0.186867987256000,42762.000000000000000,0.090822362144600,0.391719137569000,0.280862430834000,0.206449150925000,0.082964889466800,36.422410226300002,200
62,18,143,966900,18143966900,9669,Census Tract 9669,G5020,S,159907312.000000000000000,1206288.000000000000000,+38.6522435,-085.8372442,18143.0000000,18,143.000000000000000,143,966900.000000000000000,966900,18143966900,18143,2013,Scott,0.000000000000000,18,143,966900,18143966900,Scott,4389.000000000000000,0.171402171402000,47273.000000000000000,0.111072783719000,0.403932390479000,0.314246291825000,0.173163159710000,0.076076076076100,62.202500144200002,71